time_sec	shot
42.069	1
63.423	2
71.265	3
80.606	4
94.955	5
95.413	6
110.014	7
120.147	8
128.868	9
136.999	10
171.66	11
190.425	12
195.263	13
198.018	14
206.067	15
213.032	16
222.624	17
236.217	18
255.489	19
268.088	20
278.679	21
283.521	22
288.483	23
299.659	24
311.797	25
316.217	26
319.181	27
321.474	28
325.352	29
350.668	30
356.343	31
360.555	32
374.401	33
380.323	34
384.786	35
388.372	36
391.42	37
396.964	38
398.8	39
400.304	40
401.177	41
402.098	42
403.015	43
404.892	44
409.394	45
412.522	46
415.734	47
418.862	48
421.071	49
428.663	50
431.166	51
433	52
434.671	53
436.048	54
437.671	55
441.262	56
443.594	57
447.39	58
451.352	59
454.44	60
457.316	61
460.319	62
466.159	63
467.663	64
470.12	65
471.247	66
485.388	67
489.017	68
500.444	69
502.197	70
504.116	71
507.578	72
509.118	73
510.33	74
513.302	75
514.665	76
522.426	77
525.093	78
526.845	79
529.884	80
533.81	81
536.147	82
539.189	83
541.86	84
544.403	85
547.155	86
548.825	87
552.456	88
553.912	89
556.29	90
570.012	91
575.395	92
576.563	93
578.732	94
583.027	95
584.902	96
586.57	97
587.99	98
595.624	99
599.669	100
607.342	101
610.428	102
612.388	103
615.851	104
618.147	105
642.836	106
645.174	107
647.422	108
649.845	109
661.772	110
674.117	111
685.381	112
701.271	113
701.687	114
702.144	115
702.939	116
710.443	117
715.536	118
717.91	119
725.045	120
727.253	121
753.824	122
763.166	123
766.668	124
768.46	125
771.006	126
772.342	127
780.389	128
782.769	129
785.854	130
790.236	131
796.115	132
798.035	133
800.288	134
803.788	135
809.795	136
811.006	137
812.392	138
814.882	139
815.883	140
816.802	141
818.218	142
819.68	143
820.976	144
822.222	145
823.643	146
825.725	147
828.022	148
841.659	149
846.33	150
848.418	151
850.42	152
853.047	153
854.716	154
859.135	155
870.232	156
872.981	157
877.363	158
879.946	159
882.032	160
887.415	161
890.625	162
892.003	163
893.46	164
895.42	165
910.981	166
919.54	167
932.585	168
934.002	169
935.879	170
937.087	171
946.266	172
966.575	173
972.042	174
974.253	175
976.088	176
978.088	177
979.675	178
985.515	179
995.357	180
998.567	181
1003.987	182
1005.822	183
1007.2	184
1009.163	185
1010.662	186
1012.332	187
1013.5	188
1014.455	189
1017.338	190
1024.97	191
1031.059	192
1039.272	193
1048.869	194
1052.452	195
1066.091	196
1070.179	197
1071.432	198
1072.348	199
1076.064	200
1079.398	201
1081.19	202
1082.61	203
1086.364	204
1088.242	205
1091.076	206
1095.248	207
1102.922	208
1104.587	209
1107.758	210
1112.724	211
1114.932	212
1117.686	213
1125.568	214
1127.489	215
1138.262	216
1143.755	217
1145.674	218
1148.298	219
1150.595	220
1152.681	221
1154.474	222
1157.31	223
1161.018	224
1164.234	225
1166.318	226
1168.739	227
1173.325	228
1174.87	229
1180.791	230
1186.215	231
1187.715	232
1189.381	233
1193.055	234
1195.974	235
1198.728	236
1202.982	237
1207.111	238
1208.737	239
1210.823	240
1230.675	241
1235.472	242
1248.652	243
1255.573	244
1271.715	245
1275.471	246
1280.389	247
1291.444	248
1295.071	249
1305.165	250
1308.67	251
1312.213	252
1338.406	253
1348.042	254
1356.175	255
1362.307	256
1367.77	257
1376.029	258
1381.824	259
1385.076	260
1388.584	261
1406.599	262
1409.976	263
1411.772	264
1412.774	265
1414.735	266
1420.616	267
1424.286	268
1426.746	269
1435.381	270
1439.051	271
1445.516	272
1449.726	273
1464.282	274
1471.208	275
1473.163	276
1492.646	277
1502.946	278
1509.788	279
1512.457	280
1524.386	281
1533.686	282
1551.204	283
1557.335	284
1562.966	285
1564.383	286
1571.35	287
1582.402	288
1591.953	289
1633.41	290
1634.995	291
1683.668	292
1691.384	293
1694.639	294
1729.253	295
1734.596	296
1748.651	297
1754.946	298
1761.372	299
1763.787	300
1774.26	301
1781.892	302
1783.726	303
1786.69	304
1800.703	305
1804.411	306
1838.032	307
1843.663	308
1849.793	309
1853.086	310
1856.424	311
1859.804	312
1861.389	313
1880.449	314
1881.742	315
1883.702	316
1885.038	317
1888.04	318
1912.815	319
1944.387	320
1978.13	321
1980.09	322
1984.011	323
1988.097	324
1996.732	325
2004.781	326
2007.699	327
2011.288	328
2013.454	329
2014.328	330
2015.583	331
2032.641	332
2041.943	333
2043.693	334
2047.95	335
2058.586	336
2066.844	337
2068.512	338
2070.097	339
2072.097	340
2078.231	341
2081.273	342
2084.82	343
2086.977	344
2088.281	345
2100.795	346
2104.839	347
2115.85	348
2117.561	349
2121.148	350
2134.286	351
2142.294	352
2144.921	353
2168.029	354
2182.084	355
2186.213	356
2205.523	357
2212.198	358
2213.781	359
2227.629	360
2229.632	361
2252.34	362
2255.194	363
2262.413	364
2268.003	365
2270.338	366
2281.473	367
2283.432	368
2310.794	369
2313.464	370
2336.32	371
2340.158	372
2345.037	373
2354.209	374
2373.897	375
2393.251	376
2398.217	377
2404.848	378
2408.725	379
2414.773	380
2420.153	381
2427.955	382
2434.336	383
2437.923	384
2438.963	385
2442.968	386
2445.344	387
2446.513	388
2447.221	389
2449.35	390
2450.181	391
2450.892	392
2452.309	393
2458.439	394
2459.567	395
2461.403	396
2463.488	397
2467.407	398
2477.043	399
2478.628	400
2481.59	401
2485.301	402
2491.183	403
2495.518	404
2500.522	405
2503.694	406
2507.946	407
2517.126	408
2519.127	409
2528.719	410
2533.015	411
2539.187	412
2547.698	413
2549.613	414
2551.746	415
2559.959	416
2572.012	417
2576.392	418
2586.151	419
2590.448	420
2592.409	421
2596.245	422
2604.919	423
2621.063	424
2623.938	425
2633.991	426
2636.534	427
2641.792	428
2644.25	429
2645.754	430
2652.134	431
2655.388	432
2666.025	433
2667.027	434
2670.529	435
2679.203	436
2682.29	437
2691.966	438
2694.753	439
2701.556	440
2706.313	441
2707.688	442
2710.402	443
2712.069	444
2713.364	445
2714.905	446
2717.034	447
2718.325	448
2719.159	449
2720.286	450
2721.537	451
2723.665	452
2728.462	453
2729.376	454
2733.007	455
2735.216	456
2736.593	457
2744.143	458
2750.939	459
2755.026	460
2756.237	461
2763.91	462
2765.997	463
2772.547	464
2778.469	465
2784.933	466
2787.811	467
2790.814	468
2793.901	469
2804.577	470
2812.92	471
2815.839	472
2819.092	473
2820.26	474
2822.222	475
2830.23	476
2836.111	477
2839.863	478
2843.743	479
2851.292	480
2869.644	481
2872.936	482
2874.604	483
2878.152	484
2879.234	485
2880.904	486
2884.452	487
2885.785	488
2887.327	489
2891.915	490
2894.167	491
2902.551	492
2905.846	493
2907.556	494
2913.48	495
2926.28	496
2947.052	497
2948.265	498
2949.808	499
2954.059	500
2955.852	501
2959.484	502
2961.86	503
2965.406	504
3023.421	505
3032.012	506
3044.192	507
3052.949	508
3079.478	509
3082.603	510
3096.953	511
3098.16	512
3100.415	513
3103.503	514
3104.836	515
3110.425	516
3119.223	517
3135.368	518
3148.171	519
3182.873	520
3190.711	521
3193.339	522
3203.642	523
3216.489	524
3222.204	525
3226.123	526
3234.421	527
3237.052	528
3239.847	529
3241.683	530
3244.144	531
3245.77	532
3251.234	533
3252.899	534
3256.073	535
3259.826	536
3262.707	537
3266.374	538
3301.367	539
3304.246	540
3316.465	541
3318.135	542
3320.302	543
3327.89	544
3333.606	545
3335.109	546
3339.196	547
3350.541	548
3376.189	549
3379.029	550
3381.321	551
3397.921	552
3401.926	553
3403.716	554
3406.512	555
3410.14	556
3454.728	557
3462.069	558
3473.415	559
3476.459	560
3483.965	561
3500.899	562
3502.735	563
3504.692	564
3510.075	565
3515.623	566
3598.913	567
3600.623	568
3604.502	569
3612.466	570
3621.519	571
3641.248	572
3645.294	573
3674.782	574
3675.908	575
3679.577	576
3691.09	577
3708.19	578
3722.453	579
3725.04	580
3732.214	581
3764.079	582
3766.748	583
3774.628	584
3782.428	585
3786.56	586
3795.151	587
3797.195	588
3800.197	589
3807.201	590
3812.044	591
3816.63	592
3818.342	593
3821.803	594
3825.35	595
3827.768	596
3829.895	597
3831.771	598
3837.86	599
3840.112	600
3843.116	601
3847.163	602
3854.752	603
3861.843	604
3867.514	605
3871.558	606
3875.647	607
3877.483	608
3879.98	609
3881.403	610
3889.913	611
3892.288	612
3896.253	613
3900.88	614
3907.052	615
3913.812	616
3916.021	617
3918.732	618
3925.611	619
3927.492	620
3930.16	621
3932.118	622
3938.254	623
3941.047	624
3942.799	625
3949.264	626
3962.153	627
3965.406	628
3974.498	629
3983.211	630
4000.607	631
4003.276	632
4005.112	633
4012.076	634
4019.168	635
4033.348	636
4045.61	637
4053.41	638
4075.265	639
4076.266	640
4077.518	641
4079.52	642
4082.476	643
4091.863	644
4098.288	645
4103.209	646
4104.545	647
4104.962	648
4106.004	649
4108.046	650
4116.056	651
4121.187	652
4123.185	653
4123.894	654
4127.151	655
4128.819	656
4131.654	657
4134.2	658
4136.78	659
4140.286	660
4143.914	661
4146.083	662
4149.463	663
4149.922	664
4151.047	665
4155.133	666
4157.22	667
4158.596	668
4159.806	669
4161.222	670
4162.182	671
4165.645	672
4166.771	673
4169.233	674
4170.94	675
4172.859	676
4173.861	677
4174.693	678
4176.613	679
4177.532	680
4178.239	681
4179.368	682
4183.497	683
4187.207	684
4192.128	685
4194.631	686
4197.094	687
4199.596	688
4201.765	689
4202.808	690
4205.727	691
4207.144	692
4208.352	693
4215.109	694
4216.527	695
4217.947	696
4219.971	697
4220.948	698
4230.667	699
4233.922	700
4239.177	701
4240.76	702
4243.807	703
4246.393	704
4247.743	705
4254.819	706
4259.278	707
4261.909	708
4263.41	709
4264.911	710
4266.204	711
4267.038	712
4268.955	713
4271.207	714
4275.045	715
4282.01	716
4287.934	717
4289.726	718
4291.605	719
4295.316	720
4298.109	721
4299.945	722
4306.535	723
4310.204	724
4312.708	725
4315.669	726
4318.463	727
4319.257	728
4319.757	729
4320.884	730
4322.718	731
4325.094	732
4327.013	733
4333.938	734
4336.44	735
4339.026	736
4340.945	737
4342.111	738
4350.536	739
4352.829	740
4356	741
4359.755	742
4363.008	743
4368.595	744
4382.609	745
4384.404	746
4387.199	747
4388.45	748
4389.616	749
4391.036	750
4392.161	751
4393.247	752
4393.496	753
4394.329	754
4394.79	755
4395.623	756
4396.666	757
4398.253	758
4400.627	759
4403.756	760
4426.946	761
4429.116	762
4432.87	763
4434.747	764
4438.751	765
4442.211	766
4446.008	767
4452.599	768
4455.017	769
4464.777	770
4471.24	771
4485.964	772
4491.219	773
4496.682	774
4501.022	775
4508.446	776
4511.74	777
4516.662	778
4520.749	779
4523.919	780
4526.879	781
4542.227	782
4555.785	783
4573.095	784
4582.018	785
4595.533	786
4601.036	787
4606.711	788
4609.336	789
4612.009	790
4614.05	791
4617.014	792
4618.166	793
4619.39	794
4622.976	795
4624.101	796
4625.976	797
4627.104	798
4629.859	799
4631.025	800
4632.445	801
4633.654	802
4635.783	803
4641.494	804
4643.122	805
4645.126	806
4647.165	807
4650.421	808
4658.305	809
4663.642	810
4666.602	811
4668.565	812
4672.026	813
4682.161	814
4684.079	815
4692.965	816
4695.343	817
4697.678	818
4701.43	819
4709.271	820
4712.566	821
4724.37	822
4728.538	823
4737.214	824
4741.636	825
4749.647	826
4752.732	827
4837.772	828
4841.905	829
4843.364	830
4846.074	831
4848.824	832
4851.33	833
4852.664	834
4855	835
4856.544	836
4858.794	837
4869.598	838
4884.028	839
4885.615	840
4889.075	841
4895.415	842
4900.212	843
4901.776	844
4902.674	845
4904.343	846
4909.93	847
4912.847	848
4914.183	849
4915.382	850
4917.895	851
4918.981	852
4920.607	853
4922.149	854
4922.649	855
4923.068	856
4925.07	857
4926.654	858
4929.282	859
4931.326	860
4933.953	861
4936.287	862
4939.626	863
4942.043	864
4943.714	865
4945.423	866
4948.426	867
4949.178	868
4951.26	869
4953.431	870
4956.935	871
4958.02	872
4960.354	873
4961.229	874
4963.314	875
4963.983	876
4970.53	877
4971.489	878
4972.743	879
4974.327	880
4975.284	881
4976.371	882
4977.247	883
4978.831	884
4980.751	885
4982.168	886
4982.894	887
4983.752	888
4984.504	889
4986.464	890
4988.258	891
4988.968	892
4990.467	893
4991.636	894
4995.765	895
4997.183	896
4999.728	897
5002.939	898
5007.61	899
5010.153	900
5015.243	901
5025.295	902
5029.215	903
5031.133	904
5032.553	905
5035.387	906
5037.557	907
5049.442	908
5054.322	909
5057.326	910
5060.038	911
5063.914	912
5067.334	913
5069.128	914
5070.298	915
5074.093	916
5075.596	917
5078.556	918
5081.432	919
5084.185	920
5086.148	921
5087.98	922
5090.36	923
5092.194	924
5094.154	925
5095.864	926
5098.91	927
5100.828	928
5101.912	929
5103.123	930
5104.416	931
5105.708	932
5108.084	933
5109.42	934
5110.172	935
5110.669	936
5111.172	937
5111.798	938
5114.509	939
5115.886	940
5120.805	941
5122.808	942
5126.813	943
5132.277	944
5134.821	945
5143.121	946
5147.917	947
5150.876	948
5153.922	949
5158.679	950
5161.18	951
5164.225	952
5165.1	953
5172.859	954
5177.155	955
5179.324	956
5181.2	957
5182.951	958
5188.163	959
5190.501	960
5192.502	961
5194.297	962
5195.839	963
5197.258	964
5198.509	965
5202.389	966
5208.018	967
5215.023	968
5225.785	969
5232.668	970
5238.673	971
5244.596	972
5254.23	973
5264.531	974
5266.619	975
5273.957	976
5275.001	977
5276.838	978
5278.545	979
5281.092	980
5282.758	981
5283.637	982
5288.6	983
5298.817	984
5300.612	985
5302.739	986
5304.822	987
5306.368	988
5308.286	989
5311.246	990
5315.791	991
5348.158	992
5362.046	993
5367.886	994
5373.1	995
5379.985	996
5391.076	997
5397.542	998
5400.961	999
5421.563	1000
5429.032	1001
5430.867	1002
5436.914	1003
5467.738	1004
5473.452	1005
5480.165	1006
5482.626	1007
5502.816	1008
5506.526	1009
5509.402	1010
5511.365	1011
5516.41	1012
5535.889	1013
5543.059	1014
5548.315	1015
5551.571	1016
5556.116	1017
5558.7	1018
5561.665	1019
5574.719	1020
5587.188	1021
5597.201	1022
5599.62	1023
5609.21	1024
5612.3	1025
5613.717	1026
5616.3	1027
5616.928	1028
5619.013	1029
5626.604	1030
5628.688	1031
5631.024	1032
5636.655	1033
5639.155	1034
5644.786	1035
5650.835	1036